layout_spectrum: 0.5677371
typography_spectrum: 0.6598684
color:
  saturation: 0.3629614
  lightness: 0.5277559
  brandStrength: 0.6245903
  rhythmicContrast: 0.1595939
name: Restoration
